2543285
961435
371612
360467
322187
230507
189327
188268
171724
167728
165909
156765
151804
143664
122982
112297
106327
90256
87556
85476
84438
77492
73506
69148
64632
58096
57472
55548
53146
52961
52031
50097
47995
46952
46450
45883
44914
42781
42230
41909
41720
40431
40203
39456
39342
39011
38865
38307
38028
37280
37197
35827
35545
34512
34124
33819
33179
32486
31939
31805
31649
31288
31097
30979
30751
30664
30336
30281
29432
29192
28926
28754
28496
28278
28092
27907
27076
26837
26836
26363
26310
26187
26051
25736
25634
25618
25598
25557
24643
24534
24359
23758
23706
23214
23168
23157
23139
22984
22711
22592
22449
22265
22242
22060
22012
21906
21881
21610
21589
21575
21483
21458
21445
21409
21366
21330
21277
21166
21110
20835
20815
20664
20332
20157
20151
20065
19998
19956
19905
19744
19723
19544
19350
19344
19190
19133
19109
19040
19008
18905
18812
18792
18739
18705
18698
18651
18273
18267
18188
18161
18159
18026
18026
17978
17964
17935
17929
17846
17805
17706
17626
17541
17485
17433
17400
17363
17286
17053
17031
16983
16951
16939
16919
16814
16770
16762
16679
16662
16619
16616
16564
16506
16445
16372
16342
16335
16334
16302
16218
16217
16134
16029
16001
15994
15972
15895
15832
15830
15817
15786